 <doctag><picture><loc_40><loc_17><loc_135><loc_38><logo></picture>
<text><loc_36><loc_70><loc_83><loc_75>Cotonou, le :</text>
<text><loc_100><loc_70><loc_141><loc_75>02/05/2023</text>
<text><loc_36><loc_94><loc_66><loc_100>Compte</text>
<text><loc_36><loc_103><loc_51><loc_108>RIB</text>
<text><loc_36><loc_112><loc_83><loc_118>Gestionnaire</text>
<text><loc_36><loc_122><loc_66><loc_128>Periode</text>
<text><loc_100><loc_122><loc_141><loc_128>Du 01/03/2022</text>
<text><loc_160><loc_122><loc_218><loc_128>Au 31/05/2022</text>
<text><loc_160><loc_122><loc_218><loc_128>Au 31/05/2022</text>
<text><loc_36><loc_153><loc_124><loc_160>RELEVE DE COMPTE</text>
<text><loc_100><loc_167><loc_141><loc_172>Solde au</text>
<text><loc_160><loc_167><loc_201><loc_172>01/03/2022</text>
<text><loc_36><loc_180><loc_95><loc_185>Date Operation</text>
<text><loc_100><loc_180><loc_175><loc_185>Libelle Operation</text>
<text><loc_276><loc_180><loc_320><loc_185>Date Valeur</text>
<text><loc_36><loc_190><loc_66><loc_195>01/03/22</text>
<text><loc_100><loc_190><loc_214><loc_195>AGIOS DU 31/01/22 AU 28/02/22</text>
<text><loc_276><loc_190><loc_302><loc_195>28/02/22</text>
<text><loc_36><loc_198><loc_66><loc_203>18/03/22</text>
<text><loc_100><loc_198><loc_233><loc_203>FRS VMRT AUTRES BQ SAL MARS 22</text>
<text><loc_276><loc_198><loc_302><loc_203>18/03/22</text>
<text><loc_36><loc_206><loc_66><loc_211>18/03/22</text>
<text><loc_100><loc_206><loc_224><loc_211>VIRT MULTIPLE CPTE A DEBITER</text>
<text><loc_276><loc_206><loc_302><loc_211>17/03/22</text>
<text><loc_36><loc_214><loc_66><loc_219>01/04/22</text>
<text><loc_100><loc_214><loc_233><loc_219>AGIOS DU 28/02/22 AU 31/03/22</text>
<text><loc_276><loc_214><loc_302><loc_219>31/03/22</text>
<text><loc_36><loc_222><loc_66><loc_227>26/04/22</text>
<text><loc_100><loc_222><loc_214><loc_227>VIRTEM O/ SODEXCA SARL</text>
<text><loc_276><loc_222><loc_302><loc_227>26/04/22</text>
<text><loc_36><loc_230><loc_66><loc_235>26/04/22</text>
<text><loc_100><loc_230><loc_233><loc_235>VIRT MULTIPLE CPTE A DEBITER</text>
<text><loc_276><loc_230><loc_302><loc_235>25/04/22</text>
<text><loc_36><loc_238><loc_66><loc_243>03/05/22</text>
<text><loc_100><loc_238><loc_214><loc_243>AGIOS DU 31/03/22 AU 30/04/22</text>
<text><loc_276><loc_238><loc_302><loc_243>30/04/22</text>
<text><loc_36><loc_246><loc_66><loc_251>09/05/22</text>
<text><loc_100><loc_246><loc_233><loc_251>FRS VMRT AUTR BQ DU 26/04/22</text>
<text><loc_276><loc_246><loc_302><loc_251>09/05/22</text>
<text><loc_36><loc_254><loc_66><loc_259>19/05/22</text>
<text><loc_100><loc_254><loc_233><loc_259>VIRT MULTIPLE CPTE A DEBITER</text>
<text><loc_276><loc_254><loc_302><loc_259>18/05/22</text>
<text><loc_36><loc_262><loc_66><loc_267>19/05/22</text>
<text><loc_100><loc_262><loc_214><loc_267>FRS VMRT SALAIRE MAI 2022</text>
<text><loc_276><loc_262><loc_302><loc_267>19/05/22</text>
<text><loc_36><loc_269><loc_66><loc_274>27/05/22</text>
<text><loc_100><loc_269><loc_200><loc_274>VRMENT RECU SODEXCA</text>
<text><loc_276><loc_269><loc_302><loc_274>25/05/22</text>
<text><loc_36><loc_283><loc_490><loc_307>Total des Mouvements de la Page Total General 6 045 497 9 000 000 000 000 000 000 000 000 000 000 000 000 000 000 000 000 000 000 000 000 000 000 000 000 000 000 000 000 000 000 000 000 000 000 000 000 000 000 000 000 000 000 000 000 000 000 000 000 000 000 000 000 000 000 000 000 000 000 000 000 000 000 000 000 000 000 000 000 000 000 000 000 000 000 000 000 000 000 000 000 000 000 000 000 000 000 000 000 000 000 000 000 000 000 000 000 000 000 000 000 000 000 000 000 000 000 000 000 000 000 000 000 000 000 000 000 000 000 000 000 000 000 000 000 000 000 000 000 000 000 000 000 000 000 000 000 000 000 000 000 000 000 000 000 000 000 000 000 000 000 000 000 000 000 000 000 000 000 000 000 000 000 000 000 000 000 000 000 000 000 000 000 000 000 000 000 000 000 000 000 000 000 000 000 000 000 000 000 000 000 000 000 000 000 000 000 000 000 000 000 000 000 000 000 000 000 000 000 000 000 000 000 000 000 000 000 000 000 000 000 000 000 000 000 000 000 000 000 000 000 000 000 000 000 000 000 000 000 000 000 000 000 000 000 000 000 000 000 000 000 000 000 000 000 000 000 000 000 000 000 000 000 000 000 000 000 000 000 000 000 000 000 000 000 000 000 000 000 000 000 000 000 000 000 000 000 000 000 000 000 000 000 000 000 000 000 000 000 000 000 000 000 000 000 000 000 000 000 000 000 000 000 000 000 000 000 000 000 000 000 000 000 000 000 000 000 000 000 000 000 000 000 000 000 000 000 000 000 000 000 000 000 000 000 000 000 000 000 000 000 000 000 000 000 000 000 000 000 000 000 000 000 000 000 000 000 000 000 000 000 000 000 000 000 000 000 000 000 000 000 000 000 000 000 000 000 000 000 000 000 000 000 000 000 000 000 000 000 000 000 000 000 000 000 000 000 000 000 000 000 000 000 000 000 000 000 000 000 000 000 000 000 000 000 000 000 000 000 000 000 000 000 000 000 000 000 000 000 000 000 000 000 000 000 000 000 000 000 000 000 000 000 000 000 000 000 000 000 000 000 000 000 000 000 000 000 000 000 000 000 000 000 000 000 000 000 000 000 000 000 000 000 000 000 000 000 000 000 000 000 000 000 000 000 000 000 000 000 000 000 000 000 000 000 000 000 000 000 000 000 000 000 000 000 000 000 000 000 000 000 000 000 000 000 000 000 000 000 000 000 000 000 000 000 000 000 000 000 000 000 000 000 000 000 000 000 000 000 000 000 000 000 000 000 000 000 000 000 000 000 000 000 000 000 000 000 000 000 000 000 000 000 000 000 000 000 000 000 00
